	der	die	das
ling	93.04	0.81	6.15
or	92.99	0.09	6.92
us	67.88	19.48	12.64
er	79.69	7.95	12.36
e	4.74	91.78	3.48
ei	16.54	77.63	5.83
heit	0.59	98.87	0.54
keit	0.54	99.39	0.07
schaft	3.43	96.40	0.17
ung	0.58	99.37	0.05
tät	0.05	99.95	0.00
ik	2.66	96.30	1.04
ur	15.98	81.83	2.19
ion	0.78	96.57	2.65
chen	8.46	0.19	91.36
lein	6.08	0.68	93.24
ment	5.44	0.14	94.42
nis	2.70	15.16	82.14
um	32.35	0.24	67.41
tum	7.11	0.00	92.89
